 (-0.50000000000000022,-0.28867513459481264)  (-0.50000000000000022,-0.28867513459481264)   (0.49999999999999994,-0.28867513459481298)
  (0.49999999999999994,-0.28867513459481298) (2.2204460492503131e-16,0.57735026918962562)   (0.49999999999999994,-0.28867513459481298)
  (0.49999999999999994,-0.28867513459481298)  (-0.50000000000000022,-0.28867513459481264)  (-0.50000000000000022,-0.28867513459481264)
 (0,0)  (0,0) (-1,0)
 (0,0) (-1,0)  (0,0)
(-1,0)  (0,0)  (0,0)
(0,0) (1,0) (0,0)
(0,0) (0,0) (1,0)
(1,0) (0,0) (0,0)
                                      (1,0)                                       (0,0)                                       (0,0)
                                      (0,0)  (-0.49999999999999978,0.86602540378443871)                                       (0,0)
                                      (0,0)                                       (0,0) (-0.50000000000000044,-0.86602540378443837)
(-0.50000000000000044,-0.86602540378443837)                                       (0,0)                                       (0,0)
                                      (0,0) (-0.50000000000000044,-0.86602540378443837)                                       (0,0)
                                      (0,0)                                       (0,0) (-0.50000000000000044,-0.86602540378443837)
    (-0.49999999999999994,0.28867513459481298)     (-0.49999999999999994,0.28867513459481298)      (0.50000000000000022,0.28867513459481264)
     (0.50000000000000022,0.28867513459481264) (-2.2204460492503131e-16,-0.57735026918962562)      (0.50000000000000022,0.28867513459481264)
     (0.50000000000000022,0.28867513459481264)     (-0.49999999999999994,0.28867513459481298)     (-0.49999999999999994,0.28867513459481298)
 (0,0)  (0,0) (-1,0)
 (0,0) (-1,0)  (0,0)
(-1,0)  (0,0)  (0,0)
(0,0) (1,0) (0,0)
(0,0) (0,0) (1,0)
(1,0) (0,0) (0,0)
                                      (1,0)                                       (0,0)                                       (0,0)
                                      (0,0) (-0.50000000000000044,-0.86602540378443837)                                       (0,0)
                                      (0,0)                                       (0,0)  (-0.49999999999999978,0.86602540378443871)
(-0.49999999999999978,0.86602540378443871)                                      (0,0)                                      (0,0)
                                     (0,0) (-0.49999999999999978,0.86602540378443871)                                      (0,0)
                                     (0,0)                                      (0,0) (-0.49999999999999978,0.86602540378443871)
     (0.50000000000000022,0.28867513459481264)      (0.50000000000000022,0.28867513459481264)     (-0.49999999999999994,0.28867513459481298)
    (-0.49999999999999994,0.28867513459481298) (-2.2204460492503131e-16,-0.57735026918962562)     (-0.49999999999999994,0.28867513459481298)
    (-0.49999999999999994,0.28867513459481298)      (0.50000000000000022,0.28867513459481264)      (0.50000000000000022,0.28867513459481264)
 (0,0)  (0,0) (-1,0)
 (0,0) (-1,0)  (0,0)
(-1,0)  (0,0)  (0,0)
(0,0) (1,0) (0,0)
(0,0) (0,0) (1,0)
(1,0) (0,0) (0,0)
                                      (1,0)                                       (0,0)                                       (0,0)
                                      (0,0)  (-0.49999999999999978,0.86602540378443871)                                       (0,0)
                                      (0,0)                                       (0,0) (-0.50000000000000044,-0.86602540378443837)
(-0.50000000000000044,-0.86602540378443837)                                       (0,0)                                       (0,0)
                                      (0,0) (-0.50000000000000044,-0.86602540378443837)                                       (0,0)
                                      (0,0)                                       (0,0) (-0.50000000000000044,-0.86602540378443837)
  (0.49999999999999994,-0.28867513459481298)   (0.49999999999999994,-0.28867513459481298)  (-0.50000000000000022,-0.28867513459481264)
 (-0.50000000000000022,-0.28867513459481264) (2.2204460492503131e-16,0.57735026918962562)  (-0.50000000000000022,-0.28867513459481264)
 (-0.50000000000000022,-0.28867513459481264)   (0.49999999999999994,-0.28867513459481298)   (0.49999999999999994,-0.28867513459481298)
 (0,0)  (0,0) (-1,0)
 (0,0) (-1,0)  (0,0)
(-1,0)  (0,0)  (0,0)
(0,0) (1,0) (0,0)
(0,0) (0,0) (1,0)
(1,0) (0,0) (0,0)
                                      (1,0)                                       (0,0)                                       (0,0)
                                      (0,0) (-0.50000000000000044,-0.86602540378443837)                                       (0,0)
                                      (0,0)                                       (0,0)  (-0.49999999999999978,0.86602540378443871)
(-0.49999999999999978,0.86602540378443871)                                      (0,0)                                      (0,0)
                                     (0,0) (-0.49999999999999978,0.86602540378443871)                                      (0,0)
                                     (0,0)                                      (0,0) (-0.49999999999999978,0.86602540378443871)
   (0.28867513459481264,-0.50000000000000022)    (0.28867513459481264,-0.50000000000000022)     (0.28867513459481298,0.50000000000000022)
    (0.28867513459481298,0.50000000000000022) (-0.57735026918962562,1.1102230246251565e-16)     (0.28867513459481298,0.50000000000000022)
    (0.28867513459481298,0.50000000000000022)    (0.28867513459481264,-0.50000000000000022)    (0.28867513459481264,-0.50000000000000022)
(0,0) (0,0) (1,0)
(0,0) (1,0) (0,0)
(1,0) (0,0) (0,0)
(0,0) (1,0) (0,0)
(0,0) (0,0) (1,0)
(1,0) (0,0) (0,0)
                                      (1,0)                                       (0,0)                                       (0,0)
                                      (0,0)  (-0.49999999999999978,0.86602540378443871)                                       (0,0)
                                      (0,0)                                       (0,0) (-0.50000000000000044,-0.86602540378443837)
(-0.50000000000000044,-0.86602540378443837)                                       (0,0)                                       (0,0)
                                      (0,0) (-0.50000000000000044,-0.86602540378443837)                                       (0,0)
                                      (0,0)                                       (0,0) (-0.50000000000000044,-0.86602540378443837)
  (-0.28867513459481298,-0.50000000000000022)   (-0.28867513459481298,-0.50000000000000022)    (-0.28867513459481264,0.50000000000000022)
   (-0.28867513459481264,0.50000000000000022) (0.57735026918962562,-1.1102230246251565e-16)    (-0.28867513459481264,0.50000000000000022)
   (-0.28867513459481264,0.50000000000000022)   (-0.28867513459481298,-0.50000000000000022)   (-0.28867513459481298,-0.50000000000000022)
(0,0) (0,0) (1,0)
(0,0) (1,0) (0,0)
(1,0) (0,0) (0,0)
(0,0) (1,0) (0,0)
(0,0) (0,0) (1,0)
(1,0) (0,0) (0,0)
                                      (1,0)                                       (0,0)                                       (0,0)
                                      (0,0) (-0.50000000000000044,-0.86602540378443837)                                       (0,0)
                                      (0,0)                                       (0,0)  (-0.49999999999999978,0.86602540378443871)
(-0.49999999999999978,0.86602540378443871)                                      (0,0)                                      (0,0)
                                     (0,0) (-0.49999999999999978,0.86602540378443871)                                      (0,0)
                                     (0,0)                                      (0,0) (-0.49999999999999978,0.86602540378443871)
   (-0.28867513459481264,0.50000000000000022)    (-0.28867513459481264,0.50000000000000022)   (-0.28867513459481298,-0.50000000000000022)
  (-0.28867513459481298,-0.50000000000000022) (0.57735026918962562,-1.1102230246251565e-16)   (-0.28867513459481298,-0.50000000000000022)
  (-0.28867513459481298,-0.50000000000000022)    (-0.28867513459481264,0.50000000000000022)    (-0.28867513459481264,0.50000000000000022)
(0,0) (0,0) (1,0)
(0,0) (1,0) (0,0)
(1,0) (0,0) (0,0)
(0,0) (1,0) (0,0)
(0,0) (0,0) (1,0)
(1,0) (0,0) (0,0)
                                      (1,0)                                       (0,0)                                       (0,0)
                                      (0,0)  (-0.49999999999999978,0.86602540378443871)                                       (0,0)
                                      (0,0)                                       (0,0) (-0.50000000000000044,-0.86602540378443837)
(-0.50000000000000044,-0.86602540378443837)                                       (0,0)                                       (0,0)
                                      (0,0) (-0.50000000000000044,-0.86602540378443837)                                       (0,0)
                                      (0,0)                                       (0,0) (-0.50000000000000044,-0.86602540378443837)
    (0.28867513459481298,0.50000000000000022)     (0.28867513459481298,0.50000000000000022)    (0.28867513459481264,-0.50000000000000022)
   (0.28867513459481264,-0.50000000000000022) (-0.57735026918962562,1.1102230246251565e-16)    (0.28867513459481264,-0.50000000000000022)
   (0.28867513459481264,-0.50000000000000022)     (0.28867513459481298,0.50000000000000022)     (0.28867513459481298,0.50000000000000022)
(0,0) (0,0) (1,0)
(0,0) (1,0) (0,0)
(1,0) (0,0) (0,0)
(0,0) (1,0) (0,0)
(0,0) (0,0) (1,0)
(1,0) (0,0) (0,0)
                                      (1,0)                                       (0,0)                                       (0,0)
                                      (0,0) (-0.50000000000000044,-0.86602540378443837)                                       (0,0)
                                      (0,0)                                       (0,0)  (-0.49999999999999978,0.86602540378443871)
(-0.49999999999999978,0.86602540378443871)                                      (0,0)                                      (0,0)
                                     (0,0) (-0.49999999999999978,0.86602540378443871)                                      (0,0)
                                     (0,0)                                      (0,0) (-0.49999999999999978,0.86602540378443871)
