(0,0) (1,0) (0,0)
(0,0) (0,0) (1,0)
(1,0) (0,0) (0,0)
(-0.35460489,-0.93501624)                     (0,0)                     (0,0)
                    (0,0)   (0.12053668,0.99270887)                     (0,0)
                    (0,0)                     (0,0)   (0.88545603,0.46472317)
(0,0) (1,0) (0,0)
(0,0) (0,0) (1,0)
(1,0) (0,0) (0,0)
(-0.97094182,0.23931566)                    (0,0)                    (0,0)
                   (0,0)  (0.56806475,0.82298387)                    (0,0)
                   (0,0)                    (0,0) (-0.74851075,0.66312266)
(0,0) (1,0) (0,0)
(0,0) (0,0) (1,0)
(1,0) (0,0) (0,0)
(0.88545603,-0.46472317)                    (0,0)                    (0,0)
                   (0,0) (-0.35460489,0.93501624)                    (0,0)
                   (0,0)                    (0,0) (0.12053668,-0.99270887)
(0,0) (1,0) (0,0)
(0,0) (0,0) (1,0)
(1,0) (0,0) (0,0)
 (0.56806475,-0.82298387)                     (0,0)                     (0,0)
                    (0,0) (-0.74851075,-0.66312266)                     (0,0)
                    (0,0)                     (0,0) (-0.97094182,-0.23931566)
