(0,0) (1,0) (0,0)
(0,0) (0,0) (1,0)
(1,0) (0,0) (0,0)
(-0.80901699,-0.58778525)                     (0,0)                     (0,0)
                    (0,0)   (0.30901699,0.95105652)                     (0,0)
                    (0,0)                     (0,0)   (0.30901699,0.95105652)
(0.30901699,-0.95105652)                    (0,0)                    (0,0)
                   (0,0)  (0.30901699,0.95105652)                    (0,0)
                   (0,0)                    (0,0)                    (1,0)
(0,0) (1,0) (0,0)
(0,0) (0,0) (1,0)
(1,0) (0,0) (0,0)
 (0.30901699,-0.95105652)                     (0,0)                     (0,0)
                    (0,0) (-0.80901699,-0.58778525)                     (0,0)
                    (0,0)                     (0,0) (-0.80901699,-0.58778525)
 (-0.80901699,0.58778525)                     (0,0)                     (0,0)
                    (0,0) (-0.80901699,-0.58778525)                     (0,0)
                    (0,0)                     (0,0)                     (1,0)
(0,0) (1,0) (0,0)
(0,0) (0,0) (1,0)
(1,0) (0,0) (0,0)
(-0.80901699,0.58778525)                    (0,0)                    (0,0)
                   (0,0)  (0.30901699,0.95105652)                    (0,0)
                   (0,0)                    (0,0) (-0.80901699,0.58778525)
                    (1,0)                     (0,0)                     (0,0)
                    (0,0) (-0.80901699,-0.58778525)                     (0,0)
                    (0,0)                     (0,0)  (-0.80901699,0.58778525)
(0,0) (1,0) (0,0)
(0,0) (0,0) (1,0)
(1,0) (0,0) (0,0)
(0.30901699,-0.95105652)                    (0,0)                    (0,0)
                   (0,0) (-0.80901699,0.58778525)                    (0,0)
                   (0,0)                    (0,0) (0.30901699,-0.95105652)
                   (1,0)                    (0,0)                    (0,0)
                   (0,0)  (0.30901699,0.95105652)                    (0,0)
                   (0,0)                    (0,0) (0.30901699,-0.95105652)
(0,0) (1,0) (0,0)
(0,0) (0,0) (1,0)
(1,0) (0,0) (0,0)
                    (1,0)                     (0,0)                     (0,0)
                    (0,0)  (-0.80901699,0.58778525)                     (0,0)
                    (0,0)                     (0,0) (-0.80901699,-0.58778525)
(0.30901699,-0.95105652)                    (0,0)                    (0,0)
                   (0,0) (0.30901699,-0.95105652)                    (0,0)
                   (0,0)                    (0,0) (-0.80901699,0.58778525)
(0,0) (1,0) (0,0)
(0,0) (0,0) (1,0)
(1,0) (0,0) (0,0)
                    (1,0)                     (0,0)                     (0,0)
                    (0,0) (-0.80901699,-0.58778525)                     (0,0)
                    (0,0)                     (0,0)  (-0.80901699,0.58778525)
  (0.30901699,0.95105652)                     (0,0)                     (0,0)
                    (0,0)   (0.30901699,0.95105652)                     (0,0)
                    (0,0)                     (0,0) (-0.80901699,-0.58778525)
(0,0) (1,0) (0,0)
(0,0) (0,0) (1,0)
(1,0) (0,0) (0,0)
                   (1,0)                    (0,0)                    (0,0)
                   (0,0) (0.30901699,-0.95105652)                    (0,0)
                   (0,0)                    (0,0)  (0.30901699,0.95105652)
(-0.80901699,-0.58778525)                     (0,0)                     (0,0)
                    (0,0) (-0.80901699,-0.58778525)                     (0,0)
                    (0,0)                     (0,0)  (0.30901699,-0.95105652)
(0,0) (1,0) (0,0)
(0,0) (0,0) (1,0)
(1,0) (0,0) (0,0)
                   (1,0)                    (0,0)                    (0,0)
                   (0,0)  (0.30901699,0.95105652)                    (0,0)
                   (0,0)                    (0,0) (0.30901699,-0.95105652)
(-0.80901699,0.58778525)                    (0,0)                    (0,0)
                   (0,0) (-0.80901699,0.58778525)                    (0,0)
                   (0,0)                    (0,0)  (0.30901699,0.95105652)
