(0,0) (1,0) (0,0)
(0,0) (0,0) (1,0)
(1,0) (0,0) (0,0)
            (1,0)             (0,0)             (0,0)
            (0,0) (-0.5,-0.8660254)             (0,0)
            (0,0)             (0,0)  (-0.5,0.8660254)
(0.76604444,0.64278761)                   (0,0)                   (0,0)
                  (0,0) (0.76604444,0.64278761)                   (0,0)
                  (0,0)                   (0,0) (0.76604444,0.64278761)
(-0.5,0.8660254)            (0,0)            (0,0)
           (0,0) (-0.5,0.8660254)            (0,0)
           (0,0)            (0,0) (-0.5,0.8660254)
(0,0) (1,0) (0,0)
(0,0) (0,0) (1,0)
(1,0) (0,0) (0,0)
            (1,0)             (0,0)             (0,0)
            (0,0) (-0.5,-0.8660254)             (0,0)
            (0,0)             (0,0)  (-0.5,0.8660254)
(-0.93969262,0.34202014)                    (0,0)                    (0,0)
                   (0,0) (-0.93969262,0.34202014)                    (0,0)
                   (0,0)                    (0,0) (-0.93969262,0.34202014)
(-0.5,0.8660254)            (0,0)            (0,0)
           (0,0) (-0.5,0.8660254)            (0,0)
           (0,0)            (0,0) (-0.5,0.8660254)
(0,0) (1,0) (0,0)
(0,0) (0,0) (1,0)
(1,0) (0,0) (0,0)
            (1,0)             (0,0)             (0,0)
            (0,0) (-0.5,-0.8660254)             (0,0)
            (0,0)             (0,0)  (-0.5,0.8660254)
(0.17364818,-0.98480775)                    (0,0)                    (0,0)
                   (0,0) (0.17364818,-0.98480775)                    (0,0)
                   (0,0)                    (0,0) (0.17364818,-0.98480775)
(-0.5,0.8660254)            (0,0)            (0,0)
           (0,0) (-0.5,0.8660254)            (0,0)
           (0,0)            (0,0) (-0.5,0.8660254)
(0,0) (1,0) (0,0)
(0,0) (0,0) (1,0)
(1,0) (0,0) (0,0)
            (1,0)             (0,0)             (0,0)
            (0,0)  (-0.5,0.8660254)             (0,0)
            (0,0)             (0,0) (-0.5,-0.8660254)
(0.17364818,0.98480775)                   (0,0)                   (0,0)
                  (0,0) (0.17364818,0.98480775)                   (0,0)
                  (0,0)                   (0,0) (0.17364818,0.98480775)
(-0.5,-0.8660254)             (0,0)             (0,0)
            (0,0) (-0.5,-0.8660254)             (0,0)
            (0,0)             (0,0) (-0.5,-0.8660254)
(0,0) (1,0) (0,0)
(0,0) (0,0) (1,0)
(1,0) (0,0) (0,0)
            (1,0)             (0,0)             (0,0)
            (0,0)  (-0.5,0.8660254)             (0,0)
            (0,0)             (0,0) (-0.5,-0.8660254)
(-0.93969262,-0.34202014)                     (0,0)                     (0,0)
                    (0,0) (-0.93969262,-0.34202014)                     (0,0)
                    (0,0)                     (0,0) (-0.93969262,-0.34202014)
(-0.5,-0.8660254)             (0,0)             (0,0)
            (0,0) (-0.5,-0.8660254)             (0,0)
            (0,0)             (0,0) (-0.5,-0.8660254)
(0,0) (1,0) (0,0)
(0,0) (0,0) (1,0)
(1,0) (0,0) (0,0)
            (1,0)             (0,0)             (0,0)
            (0,0)  (-0.5,0.8660254)             (0,0)
            (0,0)             (0,0) (-0.5,-0.8660254)
(0.76604444,-0.64278761)                    (0,0)                    (0,0)
                   (0,0) (0.76604444,-0.64278761)                    (0,0)
                   (0,0)                    (0,0) (0.76604444,-0.64278761)
(-0.5,-0.8660254)             (0,0)             (0,0)
            (0,0) (-0.5,-0.8660254)             (0,0)
            (0,0)             (0,0) (-0.5,-0.8660254)
