(-1,0)  (0,0)  (0,0)
 (0,0) (-1,0)  (0,0)
 (0,0)  (0,0) (-1,0)
(0,0) (1,0) (0,0)
(0,0) (0,0) (1,0)
(1,0) (0,0) (0,0)
(1,0) (0,0) (0,0)
(0,0) (1,0) (0,0)
(0,0) (0,0) (1,0)
  (0.6234898,-0.78183148)                     (0,0)                     (0,0)
                    (0,0)  (-0.90096887,0.43388374)                     (0,0)
                    (0,0)                     (0,0) (-0.22252093,-0.97492791)
(-1,0)  (0,0)  (0,0)
 (0,0) (-1,0)  (0,0)
 (0,0)  (0,0) (-1,0)
(0,0) (1,0) (0,0)
(0,0) (0,0) (1,0)
(1,0) (0,0) (0,0)
(1,0) (0,0) (0,0)
(0,0) (1,0) (0,0)
(0,0) (0,0) (1,0)
(-0.90096887,-0.43388374)                     (0,0)                     (0,0)
                    (0,0)  (-0.22252093,0.97492791)                     (0,0)
                    (0,0)                     (0,0)    (0.6234898,0.78183148)
(1,0) (0,0) (0,0)
(0,0) (1,0) (0,0)
(0,0) (0,0) (1,0)
(0,0) (1,0) (0,0)
(0,0) (0,0) (1,0)
(1,0) (0,0) (0,0)
(1,0) (0,0) (0,0)
(0,0) (1,0) (0,0)
(0,0) (0,0) (1,0)
  (0.6234898,-0.78183148)                     (0,0)                     (0,0)
                    (0,0)  (-0.90096887,0.43388374)                     (0,0)
                    (0,0)                     (0,0) (-0.22252093,-0.97492791)
(1,0) (0,0) (0,0)
(0,0) (1,0) (0,0)
(0,0) (0,0) (1,0)
(0,0) (1,0) (0,0)
(0,0) (0,0) (1,0)
(1,0) (0,0) (0,0)
(1,0) (0,0) (0,0)
(0,0) (1,0) (0,0)
(0,0) (0,0) (1,0)
(-0.90096887,-0.43388374)                     (0,0)                     (0,0)
                    (0,0)  (-0.22252093,0.97492791)                     (0,0)
                    (0,0)                     (0,0)    (0.6234898,0.78183148)
(-6.123234e-17,-1)              (0,0)              (0,0)
             (0,0) (-6.123234e-17,-1)              (0,0)
             (0,0)              (0,0) (-6.123234e-17,-1)
(0,0) (1,0) (0,0)
(0,0) (0,0) (1,0)
(1,0) (0,0) (0,0)
(-1,0)  (0,0)  (0,0)
 (0,0) (-1,0)  (0,0)
 (0,0)  (0,0) (-1,0)
  (0.6234898,-0.78183148)                     (0,0)                     (0,0)
                    (0,0)  (-0.90096887,0.43388374)                     (0,0)
                    (0,0)                     (0,0) (-0.22252093,-0.97492791)
(-6.123234e-17,-1)              (0,0)              (0,0)
             (0,0) (-6.123234e-17,-1)              (0,0)
             (0,0)              (0,0) (-6.123234e-17,-1)
(0,0) (1,0) (0,0)
(0,0) (0,0) (1,0)
(1,0) (0,0) (0,0)
(-1,0)  (0,0)  (0,0)
 (0,0) (-1,0)  (0,0)
 (0,0)  (0,0) (-1,0)
(-0.90096887,-0.43388374)                     (0,0)                     (0,0)
                    (0,0)  (-0.22252093,0.97492791)                     (0,0)
                    (0,0)                     (0,0)    (0.6234898,0.78183148)
(6.123234e-17,1)            (0,0)            (0,0)
           (0,0) (6.123234e-17,1)            (0,0)
           (0,0)            (0,0) (6.123234e-17,1)
(0,0) (1,0) (0,0)
(0,0) (0,0) (1,0)
(1,0) (0,0) (0,0)
(-1,0)  (0,0)  (0,0)
 (0,0) (-1,0)  (0,0)
 (0,0)  (0,0) (-1,0)
  (0.6234898,-0.78183148)                     (0,0)                     (0,0)
                    (0,0)  (-0.90096887,0.43388374)                     (0,0)
                    (0,0)                     (0,0) (-0.22252093,-0.97492791)
(6.123234e-17,1)            (0,0)            (0,0)
           (0,0) (6.123234e-17,1)            (0,0)
           (0,0)            (0,0) (6.123234e-17,1)
(0,0) (1,0) (0,0)
(0,0) (0,0) (1,0)
(1,0) (0,0) (0,0)
(-1,0)  (0,0)  (0,0)
 (0,0) (-1,0)  (0,0)
 (0,0)  (0,0) (-1,0)
(-0.90096887,-0.43388374)                     (0,0)                     (0,0)
                    (0,0)  (-0.22252093,0.97492791)                     (0,0)
                    (0,0)                     (0,0)    (0.6234898,0.78183148)
