(-1,0)  (0,0)  (0,0)
 (0,0) (-1,0)  (0,0)
 (0,0)  (0,0) (-1,0)
(0,0) (1,0) (0,0)
(0,0) (0,0) (1,0)
(1,0) (0,0) (0,0)
(1,0) (0,0) (0,0)
(0,0) (1,0) (0,0)
(0,0) (0,0) (1,0)
(1,0) (0,0) (0,0)
(0,0) (1,0) (0,0)
(0,0) (0,0) (1,0)
(-1,0)  (0,0)  (0,0)
 (0,0)  (1,0)  (0,0)
 (0,0)  (0,0) (-1,0)
(-1,0)  (0,0)  (0,0)
 (0,0) (-1,0)  (0,0)
 (0,0)  (0,0)  (1,0)
(1,0) (0,0) (0,0)
(0,0) (1,0) (0,0)
(0,0) (0,0) (1,0)
(0,0) (1,0) (0,0)
(0,0) (0,0) (1,0)
(1,0) (0,0) (0,0)
(1,0) (0,0) (0,0)
(0,0) (1,0) (0,0)
(0,0) (0,0) (1,0)
(1,0) (0,0) (0,0)
(0,0) (1,0) (0,0)
(0,0) (0,0) (1,0)
(-1,0)  (0,0)  (0,0)
 (0,0)  (1,0)  (0,0)
 (0,0)  (0,0) (-1,0)
(-1,0)  (0,0)  (0,0)
 (0,0) (-1,0)  (0,0)
 (0,0)  (0,0)  (1,0)
(-6.123234e-17,-1)              (0,0)              (0,0)
             (0,0) (-6.123234e-17,-1)              (0,0)
             (0,0)              (0,0) (-6.123234e-17,-1)
(0,0) (1,0) (0,0)
(0,0) (0,0) (1,0)
(1,0) (0,0) (0,0)
(-1,0)  (0,0)  (0,0)
 (0,0) (-1,0)  (0,0)
 (0,0)  (0,0) (-1,0)
(1,0) (0,0) (0,0)
(0,0) (1,0) (0,0)
(0,0) (0,0) (1,0)
(-1,0)  (0,0)  (0,0)
 (0,0)  (1,0)  (0,0)
 (0,0)  (0,0) (-1,0)
(-1,0)  (0,0)  (0,0)
 (0,0) (-1,0)  (0,0)
 (0,0)  (0,0)  (1,0)
(6.123234e-17,1)            (0,0)            (0,0)
           (0,0) (6.123234e-17,1)            (0,0)
           (0,0)            (0,0) (6.123234e-17,1)
(0,0) (1,0) (0,0)
(0,0) (0,0) (1,0)
(1,0) (0,0) (0,0)
(-1,0)  (0,0)  (0,0)
 (0,0) (-1,0)  (0,0)
 (0,0)  (0,0) (-1,0)
(1,0) (0,0) (0,0)
(0,0) (1,0) (0,0)
(0,0) (0,0) (1,0)
(-1,0)  (0,0)  (0,0)
 (0,0)  (1,0)  (0,0)
 (0,0)  (0,0) (-1,0)
(-1,0)  (0,0)  (0,0)
 (0,0) (-1,0)  (0,0)
 (0,0)  (0,0)  (1,0)
(-0.70710678,-0.70710678)                     (0,0)                     (0,0)
                    (0,0) (-0.70710678,-0.70710678)                     (0,0)
                    (0,0)                     (0,0) (-0.70710678,-0.70710678)
(0,0) (1,0) (0,0)
(0,0) (0,0) (1,0)
(1,0) (0,0) (0,0)
(6.123234e-17,1)            (0,0)            (0,0)
           (0,0) (6.123234e-17,1)            (0,0)
           (0,0)            (0,0) (6.123234e-17,1)
(-1,0)  (0,0)  (0,0)
 (0,0) (-1,0)  (0,0)
 (0,0)  (0,0) (-1,0)
(-1,0)  (0,0)  (0,0)
 (0,0)  (1,0)  (0,0)
 (0,0)  (0,0) (-1,0)
(-1,0)  (0,0)  (0,0)
 (0,0) (-1,0)  (0,0)
 (0,0)  (0,0)  (1,0)
(0.70710678,-0.70710678)                    (0,0)                    (0,0)
                   (0,0) (0.70710678,-0.70710678)                    (0,0)
                   (0,0)                    (0,0) (0.70710678,-0.70710678)
(0,0) (1,0) (0,0)
(0,0) (0,0) (1,0)
(1,0) (0,0) (0,0)
(-6.123234e-17,-1)              (0,0)              (0,0)
             (0,0) (-6.123234e-17,-1)              (0,0)
             (0,0)              (0,0) (-6.123234e-17,-1)
(-1,0)  (0,0)  (0,0)
 (0,0) (-1,0)  (0,0)
 (0,0)  (0,0) (-1,0)
(-1,0)  (0,0)  (0,0)
 (0,0)  (1,0)  (0,0)
 (0,0)  (0,0) (-1,0)
(-1,0)  (0,0)  (0,0)
 (0,0) (-1,0)  (0,0)
 (0,0)  (0,0)  (1,0)
(-0.70710678,0.70710678)                    (0,0)                    (0,0)
                   (0,0) (-0.70710678,0.70710678)                    (0,0)
                   (0,0)                    (0,0) (-0.70710678,0.70710678)
(0,0) (1,0) (0,0)
(0,0) (0,0) (1,0)
(1,0) (0,0) (0,0)
(-6.123234e-17,-1)              (0,0)              (0,0)
             (0,0) (-6.123234e-17,-1)              (0,0)
             (0,0)              (0,0) (-6.123234e-17,-1)
(-1,0)  (0,0)  (0,0)
 (0,0) (-1,0)  (0,0)
 (0,0)  (0,0) (-1,0)
(-1,0)  (0,0)  (0,0)
 (0,0)  (1,0)  (0,0)
 (0,0)  (0,0) (-1,0)
(-1,0)  (0,0)  (0,0)
 (0,0) (-1,0)  (0,0)
 (0,0)  (0,0)  (1,0)
(0.70710678,0.70710678)                   (0,0)                   (0,0)
                  (0,0) (0.70710678,0.70710678)                   (0,0)
                  (0,0)                   (0,0) (0.70710678,0.70710678)
(0,0) (1,0) (0,0)
(0,0) (0,0) (1,0)
(1,0) (0,0) (0,0)
(6.123234e-17,1)            (0,0)            (0,0)
           (0,0) (6.123234e-17,1)            (0,0)
           (0,0)            (0,0) (6.123234e-17,1)
(-1,0)  (0,0)  (0,0)
 (0,0) (-1,0)  (0,0)
 (0,0)  (0,0) (-1,0)
(-1,0)  (0,0)  (0,0)
 (0,0)  (1,0)  (0,0)
 (0,0)  (0,0) (-1,0)
(-1,0)  (0,0)  (0,0)
 (0,0) (-1,0)  (0,0)
 (0,0)  (0,0)  (1,0)
