(-1,0)  (0,0)  (0,0)
 (0,0)  (0,0) (-1,0)
 (0,0) (-1,0)  (0,0)
(-1,0)  (0,0)  (0,0)
 (0,0) (-1,0)  (0,0)
 (0,0)  (0,0) (-1,0)
(1,0) (0,0) (0,0)
(0,0) (1,0) (0,0)
(0,0) (0,0) (1,0)
(0,0) (1,0) (0,0)
(0,0) (0,0) (1,0)
(1,0) (0,0) (0,0)
(-1,0)  (0,0)  (0,0)
 (0,0)  (1,0)  (0,0)
 (0,0)  (0,0) (-1,0)
(-1,0)  (0,0)  (0,0)
 (0,0) (-1,0)  (0,0)
 (0,0)  (0,0)  (1,0)
(-1,0)  (0,0)  (0,0)
 (0,0)  (0,0) (-1,0)
 (0,0) (-1,0)  (0,0)
(1,0) (0,0) (0,0)
(0,0) (1,0) (0,0)
(0,0) (0,0) (1,0)
(1,0) (0,0) (0,0)
(0,0) (1,0) (0,0)
(0,0) (0,0) (1,0)
(0,0) (1,0) (0,0)
(0,0) (0,0) (1,0)
(1,0) (0,0) (0,0)
(-1,0)  (0,0)  (0,0)
 (0,0)  (1,0)  (0,0)
 (0,0)  (0,0) (-1,0)
(-1,0)  (0,0)  (0,0)
 (0,0) (-1,0)  (0,0)
 (0,0)  (0,0)  (1,0)
(1,0) (0,0) (0,0)
(0,0) (0,0) (1,0)
(0,0) (1,0) (0,0)
(-1,0)  (0,0)  (0,0)
 (0,0) (-1,0)  (0,0)
 (0,0)  (0,0) (-1,0)
(1,0) (0,0) (0,0)
(0,0) (1,0) (0,0)
(0,0) (0,0) (1,0)
(0,0) (1,0) (0,0)
(0,0) (0,0) (1,0)
(1,0) (0,0) (0,0)
(-1,0)  (0,0)  (0,0)
 (0,0)  (1,0)  (0,0)
 (0,0)  (0,0) (-1,0)
(-1,0)  (0,0)  (0,0)
 (0,0) (-1,0)  (0,0)
 (0,0)  (0,0)  (1,0)
(1,0) (0,0) (0,0)
(0,0) (0,0) (1,0)
(0,0) (1,0) (0,0)
(1,0) (0,0) (0,0)
(0,0) (1,0) (0,0)
(0,0) (0,0) (1,0)
(1,0) (0,0) (0,0)
(0,0) (1,0) (0,0)
(0,0) (0,0) (1,0)
(0,0) (1,0) (0,0)
(0,0) (0,0) (1,0)
(1,0) (0,0) (0,0)
(-1,0)  (0,0)  (0,0)
 (0,0)  (1,0)  (0,0)
 (0,0)  (0,0) (-1,0)
(-1,0)  (0,0)  (0,0)
 (0,0) (-1,0)  (0,0)
 (0,0)  (0,0)  (1,0)
(-6.123234e-17,-1)              (0,0)              (0,0)
             (0,0)              (0,0) (-6.123234e-17,-1)
             (0,0) (-6.123234e-17,-1)              (0,0)
(-1,0)  (0,0)  (0,0)
 (0,0) (-1,0)  (0,0)
 (0,0)  (0,0) (-1,0)
(-1,0)  (0,0)  (0,0)
 (0,0) (-1,0)  (0,0)
 (0,0)  (0,0) (-1,0)
(0,0) (1,0) (0,0)
(0,0) (0,0) (1,0)
(1,0) (0,0) (0,0)
(-1,0)  (0,0)  (0,0)
 (0,0)  (1,0)  (0,0)
 (0,0)  (0,0) (-1,0)
(-1,0)  (0,0)  (0,0)
 (0,0) (-1,0)  (0,0)
 (0,0)  (0,0)  (1,0)
(6.123234e-17,1)            (0,0)            (0,0)
           (0,0)            (0,0) (6.123234e-17,1)
           (0,0) (6.123234e-17,1)            (0,0)
(-1,0)  (0,0)  (0,0)
 (0,0) (-1,0)  (0,0)
 (0,0)  (0,0) (-1,0)
(-1,0)  (0,0)  (0,0)
 (0,0) (-1,0)  (0,0)
 (0,0)  (0,0) (-1,0)
(0,0) (1,0) (0,0)
(0,0) (0,0) (1,0)
(1,0) (0,0) (0,0)
(-1,0)  (0,0)  (0,0)
 (0,0)  (1,0)  (0,0)
 (0,0)  (0,0) (-1,0)
(-1,0)  (0,0)  (0,0)
 (0,0) (-1,0)  (0,0)
 (0,0)  (0,0)  (1,0)
(-6.123234e-17,-1)              (0,0)              (0,0)
             (0,0)              (0,0) (-6.123234e-17,-1)
             (0,0) (-6.123234e-17,-1)              (0,0)
(1,0) (0,0) (0,0)
(0,0) (1,0) (0,0)
(0,0) (0,0) (1,0)
(-1,0)  (0,0)  (0,0)
 (0,0) (-1,0)  (0,0)
 (0,0)  (0,0) (-1,0)
(0,0) (1,0) (0,0)
(0,0) (0,0) (1,0)
(1,0) (0,0) (0,0)
(-1,0)  (0,0)  (0,0)
 (0,0)  (1,0)  (0,0)
 (0,0)  (0,0) (-1,0)
(-1,0)  (0,0)  (0,0)
 (0,0) (-1,0)  (0,0)
 (0,0)  (0,0)  (1,0)
(6.123234e-17,1)            (0,0)            (0,0)
           (0,0)            (0,0) (6.123234e-17,1)
           (0,0) (6.123234e-17,1)            (0,0)
(1,0) (0,0) (0,0)
(0,0) (1,0) (0,0)
(0,0) (0,0) (1,0)
(-1,0)  (0,0)  (0,0)
 (0,0) (-1,0)  (0,0)
 (0,0)  (0,0) (-1,0)
(0,0) (1,0) (0,0)
(0,0) (0,0) (1,0)
(1,0) (0,0) (0,0)
(-1,0)  (0,0)  (0,0)
 (0,0)  (1,0)  (0,0)
 (0,0)  (0,0) (-1,0)
(-1,0)  (0,0)  (0,0)
 (0,0) (-1,0)  (0,0)
 (0,0)  (0,0)  (1,0)
