(0,0) (1,0) (0,0)
(0,0) (0,0) (1,0)
(1,0) (0,0) (0,0)
(-0.900969,-0.433884) (0,0)                 (0,0)                
(0,0)                 (-0.222521,0.974928)  (0,0)                
(0,0)                 (0,0)                 (0.62349,0.781831)   
(0,0) (1,0) (0,0)
(0,0) (0,0) (1,0)
(1,0) (0,0) (0,0)
(0.62349,-0.781831)   (0,0)                 (0,0)                
(0,0)                 (-0.900969,0.433884)  (0,0)                
(0,0)                 (0,0)                 (-0.222521,-0.974928)